myciel3.col
Time = 1.6927719116210938e-05
Count colors: 4
{0: [10, 4, 1], 1: [3, 2, 8, 7], 2: [0, 9, 5], 3: [6]}
Is correct colors = True

myciel7.col
Time = 0.00021982192993164062
Count colors: 8
{0: [190, 94, 46, 22, 10, 4, 1], 1: [3, 2, 189, 45, 8, 7, 117, 26, 25, 98, 97, 31, 30, 140, 103, 102, 164, 121, 120, 145, 144, 126, 125, 187, 150, 149, 132, 131, 168, 167, 137, 136, 173, 172, 179, 178, 184, 183], 2: [0, 93, 21, 141, 57, 105, 15, 13, 11, 47, 95, 68, 188, 116, 152, 62, 60, 58, 110, 108, 106, 142, 163, 175, 157, 155, 153, 165, 162, 160, 158, 186, 180, 176, 185, 181], 3: [9, 6, 5, 69, 27, 51, 99, 32, 29, 28, 92, 56, 53, 52, 104, 101, 100, 74, 122, 146, 67, 64, 63, 79, 76, 75, 127, 124, 123, 151, 148, 147, 85, 90, 87, 86, 169, 159, 174, 171, 170, 182], 4: [33, 14, 12, 24, 50, 48, 96, 44, 80, 37, 35, 128, 61, 59, 109, 107, 73, 71, 42, 40, 119, 143, 91, 78, 139, 84, 82, 130, 156, 154, 89, 166, 135, 177], 5: [23, 49, 18, 16, 54, 36, 34, 72, 70, 41, 39, 118, 65, 113, 111, 77, 83, 81, 129, 88, 134], 6: [20, 19, 17, 55, 43, 66, 115, 114, 112, 138, 161], 7: [38, 133]}
Is correct colors = True

school1.col
Time = 0.0013260841369628906
Count colors: 34
{0: [373, 370, 374, 369, 372, 371, 362, 356, 228, 360, 167, 361, 104, 161, 12, 312, 382, 187, 193, 240, 235, 315, 314, 283, 135], 1: [367, 366, 364, 368, 365, 363, 376, 375, 377, 379, 352, 354, 98, 353, 139, 184, 192, 313, 284, 137, 136, 103], 2: [233, 384, 383, 249, 151, 123, 328, 325, 304, 73, 90, 273, 350, 279, 65, 220, 5, 182, 110, 260, 229, 95, 359, 194, 381, 39], 3: [232, 237, 152, 148, 27, 4, 158, 118, 116, 185, 327, 21, 43, 308, 85], 4: [120, 236, 18, 330, 154, 196, 100, 166, 9, 114, 141, 155, 56, 380, 186], 5: [17, 144, 227, 329, 202, 160, 130, 109, 261, 2, 51, 175, 1], 6: [124, 239, 20, 305, 230, 38, 197, 149, 170, 50, 157, 8, 117, 99, 378], 7: [251, 339, 119, 19, 231, 178, 31, 55, 6, 84], 8: [252, 190, 143, 126, 102, 200, 177, 47, 63, 26, 174, 210], 9: [338, 122, 179, 49, 199, 70, 34, 322, 301, 159, 106, 326], 10: [29, 150, 153, 127, 15, 97, 61, 275, 281, 225, 169, 32, 113, 115, 234, 140], 11: [250, 121, 241, 80, 77, 91, 341, 286, 58, 344, 162, 107], 12: [245, 142, 125, 300, 33, 317, 271, 277, 221, 209, 171, 13], 13: [86, 355, 246, 318, 188, 96, 268, 67, 289, 207, 262, 132], 14: [248, 82, 37, 324, 201, 195, 163, 208, 145, 131], 15: [74, 83, 36, 347, 280, 92, 274, 244, 224, 276, 357, 134, 112, 358, 7], 16: [253, 307, 238, 191, 128, 30, 66, 288, 266, 164, 226, 156, 54, 111], 17: [294, 310, 45, 76, 320, 205, 60, 35, 218], 18: [254, 333, 222, 258, 298, 214, 72, 323, 278, 64, 336, 272, 183], 19: [88, 71, 41, 78, 265, 319, 285, 173], 20: [147, 306, 242, 16, 59, 259, 342, 349, 287, 217, 345, 23], 21: [87, 69, 46, 75, 94, 290, 146, 340, 343], 22: [348, 309, 295, 48, 44, 270, 267, 105, 53], 23: [292, 89, 257, 247, 198, 22, 206, 172, 101], 24: [291, 303, 108, 28, 181, 263, 25, 133], 25: [213, 296, 42, 11, 311, 68, 269, 0], 26: [168, 299, 189, 223, 40, 203, 282, 62, 93, 219, 3], 27: [297, 334, 302, 176, 331, 79, 57, 138, 264, 52], 28: [293, 243, 346, 81, 337, 24], 29: [335, 332, 204, 256, 14, 351, 321], 30: [129, 215, 180, 10, 255, 316], 31: [212], 32: [216, 165], 33: [211]}
Is correct colors = True

school1_nsh.col
Time = 0.0010592937469482422
Count colors: 33
{0: [233, 237, 152, 123, 4, 158, 182, 53, 112, 141, 185, 228, 327, 21, 104, 312, 308, 240, 235, 192, 85, 315, 314, 283, 135], 1: [232, 236, 154, 102, 90, 350, 173, 0, 155, 194, 12, 313, 284, 137, 136, 103], 2: [120, 18, 227, 230, 74, 160, 34, 347, 244, 203, 343, 2, 111, 175, 43, 98, 187, 193, 1, 39], 3: [124, 239, 20, 305, 38, 30, 108, 64, 149, 170, 156, 50, 8, 99, 56, 184], 4: [249, 151, 153, 328, 83, 76, 93, 169, 118, 116, 234, 140, 186, 161], 5: [17, 144, 329, 86, 178, 42, 109, 278, 272, 225, 7, 167], 6: [251, 339, 190, 122, 19, 231, 260, 95, 107, 138, 6], 7: [252, 150, 29, 126, 179, 238, 342, 14, 164, 51, 262, 115, 139], 8: [338, 119, 330, 49, 199, 197, 293, 346, 243, 265, 176, 322, 198, 285, 166, 301, 255, 106, 145, 326], 9: [250, 143, 82, 36, 200, 317, 168, 77, 216, 219, 114, 132], 10: [121, 245, 241, 294, 306, 41, 286, 341, 58, 256, 344, 218, 101, 54], 11: [127, 142, 246, 325, 309, 201, 48, 44, 277, 195, 271, 209, 113], 12: [125, 253, 307, 191, 196, 33, 78, 91, 208, 117], 13: [248, 148, 177, 310, 63, 10, 62, 105, 316, 131], 14: [300, 128, 88, 60, 280, 274, 94, 276, 319], 15: [254, 37, 188, 242, 320, 298, 162, 336, 289, 67, 207], 16: [15, 147, 202, 257, 189, 323, 26, 134], 17: [73, 45, 318, 205, 279, 273, 337, 65, 220, 5], 18: [304, 222, 348, 258, 295, 35, 75, 290, 340, 57, 217, 163, 211], 19: [213, 87, 324, 96, 270, 159, 288, 351, 23, 84], 20: [71, 89, 92, 27, 259, 332, 311, 275, 281, 206, 171, 226], 21: [70, 247, 292, 46, 11, 130, 97, 267, 287, 345, 264, 52], 22: [333, 80, 214, 146, 100, 268, 180, 32], 23: [69, 303, 181, 331, 68, 269, 263, 25, 13, 133], 24: [299, 81, 59, 40, 66, 22, 174], 25: [16, 31, 224, 129, 61, 266, 165, 24, 55], 26: [296, 47, 79, 282, 261, 172, 210], 27: [297, 302, 334, 349, 9, 110], 28: [291, 28, 223, 229, 183, 157, 321], 29: [72, 204, 221, 3], 30: [335], 31: [215], 32: [212]}
Is correct colors = True

anna.col
Time = 0.00013637542724609375
Count colors: 11
{0: [17, 76, 132, 60, 119, 29, 114, 125, 136, 121, 46, 16, 133, 116, 109, 97, 64, 51, 21, 13, 118, 101, 37, 23, 128, 124, 85, 70, 65, 55, 47, 4, 2, 1, 0], 1: [35, 77, 53, 28, 67, 100, 8, 108, 52, 48, 111, 93, 57, 103, 96, 89, 83, 81, 61, 59, 54, 43, 24, 131, 127, 123, 110, 104, 95, 74, 68, 62, 40, 9, 120, 113, 112, 106, 87, 86, 42, 41, 38, 30, 26, 22, 14, 3], 2: [94, 88, 20, 6, 126, 58, 56, 129, 15, 122, 130, 27, 102, 66, 39, 34, 10, 79, 49, 7], 3: [73, 63, 99, 69, 117, 105, 92, 78, 36, 12, 11], 4: [71, 135, 91, 75, 45, 33], 5: [137, 72, 50, 5, 25], 6: [134, 32, 44, 31, 18], 7: [115, 19, 84, 82], 8: [98, 107], 9: [90], 10: [80]}
Is correct colors = True

miles1000.col
Time = 0.0004019737243652344
Count colors: 43
{0: [75, 35, 15, 71, 20, 105], 1: [26, 85, 86, 50, 55, 48], 2: [127, 117, 36, 120, 8, 94], 3: [87, 11, 21, 3, 33], 4: [61, 30, 59, 4, 16], 5: [90, 102, 2, 111], 6: [67, 32, 118, 123], 7: [7, 22, 31, 103], 8: [91, 64, 43, 47, 58], 9: [27, 56, 34, 25], 10: [42, 83, 46, 17], 11: [51, 97, 80, 28], 12: [106, 73, 62, 39], 13: [125, 54, 41, 76], 14: [122, 79, 49, 53], 15: [109, 92, 10, 14], 16: [65, 0, 84], 17: [98, 12, 119], 18: [63, 82, 96], 19: [107, 9], 20: [114, 101], 21: [113, 95], 22: [99, 110], 23: [74, 89], 24: [44, 66, 104], 25: [121, 116, 93], 26: [126, 78], 27: [1, 38], 28: [6, 69], 29: [112, 108], 30: [72, 70, 81], 31: [68, 88], 32: [19, 77], 33: [29, 100], 34: [23, 18], 35: [13, 40], 36: [37, 124], 37: [115], 38: [57, 5], 39: [52], 40: [24], 41: [45], 42: [60]}
Is correct colors = True

miles1500.col
Time = 0.0005981922149658203
Count colors: 73
{0: [109, 53], 1: [107, 28], 2: [78, 76], 3: [108, 85, 62], 4: [26, 2], 5: [127, 111, 41], 6: [116, 59, 14], 7: [113, 105, 80], 8: [104, 55, 8], 9: [89, 21, 49], 10: [79, 60, 58], 11: [73, 94, 48], 12: [38, 20], 13: [124, 123], 14: [101, 117, 103], 15: [77, 39], 16: [42, 47], 17: [7, 25], 18: [0, 81, 17], 19: [99, 10], 20: [91, 4], 21: [90, 3], 22: [87, 84], 23: [75, 16], 24: [72], 25: [67], 26: [61], 27: [27, 36], 28: [18], 29: [100], 30: [98, 86], 31: [51, 46], 32: [66, 34], 33: [63, 120], 34: [121, 50], 35: [69, 33], 36: [65], 37: [56, 35], 38: [54], 39: [122], 40: [106], 41: [97, 52], 42: [125, 31], 43: [114, 119], 44: [96, 22], 45: [6, 118], 46: [102, 57], 47: [30, 93], 48: [32, 126], 49: [74, 15], 50: [44, 11], 51: [70, 64], 52: [68, 71], 53: [95], 54: [88], 55: [13, 43], 56: [5], 57: [1], 58: [82], 59: [12], 60: [112], 61: [92], 62: [83], 63: [9], 64: [110], 65: [19], 66: [29], 67: [23], 68: [115], 69: [45], 70: [40], 71: [24], 72: [37]}
Is correct colors = True

le450_5a.col
Time = 0.0007367134094238281
Count colors: 11
{0: [338, 324, 209, 270, 392, 390, 250, 215, 80, 222, 155, 59, 429, 210, 105, 423, 260, 220, 190, 365, 262, 54, 440, 387, 5, 174, 158, 360, 376, 330, 232, 127, 402, 389, 243, 90, 45, 160, 100, 217, 212, 405, 430, 395, 249, 137, 30], 1: [369, 165, 63, 25, 189, 285, 31, 211, 159, 245, 205, 156, 84, 213, 36, 383, 364, 240, 65, 60, 371, 342, 70, 403, 134, 71, 420, 295, 101, 355, 288, 326, 301, 19, 305, 195, 396, 275, 180, 79, 16, 377, 238, 432, 281, 96], 2: [362, 337, 199, 187, 39, 32, 182, 89, 109, 35, 359, 269, 197, 413, 85, 449, 379, 114, 407, 354, 226, 113, 104, 3, 357, 278, 257, 294, 290, 258, 18, 372, 147, 444, 374, 298, 228, 384, 67, 422, 297, 252, 73, 247, 142, 22, 8, 398, 87, 53, 233, 223, 82], 3: [412, 140, 411, 11, 445, 263, 401, 272, 261, 161, 112, 110, 350, 291, 191, 171, 125, 267, 225, 314, 196, 58, 341, 335, 179, 64, 145, 91, 416, 404, 346, 304, 251, 201, 176, 166, 9, 259, 111, 66, 0, 351, 286, 181, 116, 358, 381, 271, 1, 336, 306], 4: [239, 439, 183, 38, 282, 141, 72, 253, 124, 410, 287, 143, 323, 313, 173, 62, 57, 41, 406, 428, 418, 284, 248, 52, 33, 436, 368, 353, 349, 325, 283, 169, 34, 28, 13, 198, 149, 68, 363, 123, 118, 373, 188, 148, 399, 348, 277, 308, 167, 98, 78, 128, 329, 419, 321], 5: [102, 356, 139, 417, 14, 433, 421, 391, 331, 299, 186, 2, 361, 81, 46, 40, 446, 437, 307, 302, 266, 129, 230, 206, 86, 441, 425, 289, 172, 136, 21, 438, 316, 200, 280, 185, 131, 76, 375, 339, 221, 92, 26, 386, 343, 327, 164, 276, 77, 37], 6: [409, 121, 334, 332, 244, 218, 4, 345, 300, 293, 255, 242, 235, 163, 265, 415, 366, 208, 135, 94, 48, 15, 7, 388, 318, 236, 315, 435, 367, 292, 154, 153, 120, 51, 385, 20, 83, 10, 193, 175, 352, 279, 115, 204, 319, 344], 7: [273, 119, 95, 88, 309, 234, 320, 256, 214, 203, 146, 431, 274, 150, 144, 132, 93, 370, 317, 312, 227, 219, 184, 170, 12, 322, 99, 47, 23, 138, 106, 74, 434, 229, 394, 49, 207, 168, 192], 8: [194, 393, 157, 333, 264, 216, 117, 103, 50, 43, 310, 296, 254, 241, 224, 202, 447, 303, 408, 268, 42, 442, 414, 108, 24, 6, 443, 426, 44, 382, 178, 107, 448, 378, 29, 328, 126, 27], 9: [311, 122, 424, 152, 61, 347, 130, 97, 237, 162, 427, 340, 177, 400, 246, 56, 17, 380, 55, 397], 10: [133, 69, 151, 231, 75]}
Is correct colors = True

le450_15b.col
Time = 0.0007672309875488281
Count colors: 18
{0: [31, 199, 364, 416, 286, 74, 13, 188, 437, 443, 209, 130, 282, 151, 71, 355, 110, 424, 433, 141, 149, 229, 162, 400, 439, 446, 58, 49, 326, 438, 212, 102, 107, 50, 91, 346, 390, 235], 1: [114, 300, 356, 156, 48, 305, 116, 281, 140, 67, 315, 215, 391, 234, 420, 254, 330, 159, 296, 219, 191, 359, 404, 347, 290, 230, 32, 208, 39, 8, 59, 185, 90, 381, 158, 47, 100, 406, 28], 2: [398, 182, 428, 360, 238, 152, 358, 412, 120, 413, 46, 34, 181, 321, 374, 427, 278, 224, 409, 272, 397, 142, 383, 226, 176, 245, 389, 352], 3: [269, 237, 440, 312, 214, 29, 73, 220, 418, 76, 289, 216, 136, 274, 148, 419, 407, 2, 87, 337, 101, 414, 128, 56, 291], 4: [396, 402, 322, 221, 287, 342, 137, 368, 401, 168, 251, 54, 334, 246, 179, 85, 89, 332, 293, 350, 72, 60, 270, 240, 429, 115, 349, 408], 5: [333, 268, 3, 83, 318, 218, 198, 373, 275, 279, 259, 200, 123, 69, 241, 189, 228, 147, 138, 421, 423, 66, 92, 385, 68, 233, 361, 206, 422, 26], 6: [4, 425, 175, 295, 144, 257, 75, 379, 260, 247, 174, 435, 40, 348, 271, 165, 253, 169, 25, 98, 5, 403, 320, 93, 288, 23, 380, 133, 27], 7: [399, 122, 243, 124, 9, 163, 365, 53, 20, 132, 211, 426, 265, 335, 393, 167, 113, 306, 10, 11, 301, 354, 139, 106], 8: [52, 292, 266, 207, 164, 370, 45, 44, 351, 340, 38, 261, 112, 134, 161, 273, 14, 316, 79, 65, 193, 30, 309, 432, 213, 51], 9: [328, 86, 250, 392, 231, 0, 327, 277, 377, 131, 6, 311, 263, 201, 119, 372, 367, 217, 387, 197, 7, 285, 173, 127, 294], 10: [242, 319, 121, 36, 22, 61, 384, 111, 449, 203, 187, 118, 184, 109, 378, 227, 366, 146, 314, 225, 135, 280, 196, 21, 108, 84, 12, 386], 11: [339, 99, 298, 95, 16, 284, 205, 15, 304, 70, 177, 264, 1, 180, 145, 97, 376, 43, 345, 150, 18, 441, 317, 382, 154, 125], 12: [249, 344, 78, 436, 195, 204, 262, 210, 434, 252, 117, 303, 239, 448, 442, 299, 126, 94, 445, 157, 302, 369, 447, 129, 341, 313], 13: [363, 77, 415, 297, 35, 329, 96, 88, 236, 190, 223, 80, 37, 343, 353, 192, 172, 283, 186, 153, 183, 178, 405, 33, 222, 411], 14: [331, 232, 410, 62, 325, 160, 17, 143, 82, 24, 430, 55, 388, 105, 444, 323, 81, 324, 307, 362, 63, 256, 394, 248], 15: [310, 338, 267, 103, 431, 244, 308, 395, 375, 357, 57, 336, 41, 64, 276], 16: [171, 166, 371, 202, 258, 417, 42, 19, 170], 17: [104, 155, 255, 194]}
Is correct colors = True

queen11_11.col
Time = 0.0002562999725341797
Count colors: 17
{0: [60, 83, 69, 51, 37, 118, 88, 32, 2], 1: [72, 59, 80, 38, 46, 97, 111, 7], 2: [71, 50, 84, 58, 92, 19, 109, 33], 3: [70, 61, 47, 96, 79, 104, 42, 117], 4: [49, 81, 62, 36, 94, 68, 30, 119], 5: [48, 82, 73, 39, 91, 57, 107, 20], 6: [40, 93, 85, 26, 108, 67, 116, 54, 11, 3], 7: [95, 74, 28, 103, 56, 13, 120, 77, 9], 8: [90, 63, 29, 105, 86, 34, 16, 0], 9: [52, 35, 27, 106, 89, 14, 114, 65, 6], 10: [41, 25, 100, 75, 18, 98, 44], 11: [24, 102, 64, 45, 17, 115, 87, 8], 12: [101, 78, 53, 15, 110, 76], 13: [31, 12, 113, 99, 10], 14: [23, 112, 66, 43, 5], 15: [55, 21, 4], 16: [22, 1]}
Is correct colors = True

