brock200_1
Time = 0.4507882595062256
Count colors: 18
[129, 102, 107, 26, 114, 159, 31, 189, 78, 74, 35, 115, 7, 182, 158, 184, 13, 0]
Is correct clique = True

brock200_2
Time = 0.1720576286315918
Count colors: 10
[72, 48, 9, 108, 181, 185, 37, 133, 93, 138]
Is correct clique = True

brock200_3
Time = 0.24698972702026367
Count colors: 13
[134, 175, 85, 111, 173, 194, 146, 119, 24, 147, 89, 9, 22]
Is correct clique = True

brock200_4
Time = 0.3050572872161865
Count colors: 14
[142, 61, 197, 90, 89, 195, 71, 136, 137, 18, 119, 23, 47, 104]
Is correct clique = True

brock400_1
Time = 3.4090657234191895
Count colors: 21
[230, 379, 371, 218, 329, 181, 336, 245, 3, 121, 169, 361, 127, 112, 116, 272, 188, 366, 53, 234, 82]
Is correct clique = True

brock400_2
Time = 3.531121015548706
Count colors: 22
[368, 130, 399, 15, 134, 350, 198, 116, 108, 98, 34, 180, 40, 302, 42, 128, 88, 320, 142, 325, 308, 265]
Is correct clique = True

brock400_3
Time = 3.4567203521728516
Count colors: 22
[311, 89, 203, 350, 154, 101, 91, 56, 358, 60, 391, 336, 325, 362, 243, 198, 257, 241, 385, 113, 12, 187]
Is correct clique = True

brock400_4
Time = 3.506880044937134
Count colors: 22
[391, 283, 237, 76, 117, 386, 64, 268, 214, 184, 316, 312, 104, 278, 262, 307, 149, 343, 119, 139, 394, 371]
Is correct clique = True

C125.9
Time = 0.28667473793029785
Count colors: 32
[81, 113, 59, 53, 110, 103, 109, 79, 6, 124, 66, 48, 39, 28, 10, 69, 122, 76, 33, 21, 95, 51, 24, 8, 1, 116, 78, 43, 121, 92, 102, 67]
Is correct clique = True

gen200_p0.9_44
Time = 1.1739702224731445
Count colors: 34
[115, 48, 1, 125, 85, 51, 49, 26, 173, 132, 198, 152, 71, 64, 98, 58, 22, 78, 68, 16, 144, 139, 90, 74, 87, 60, 57, 107, 103, 174, 105, 55, 12, 76]
Is correct clique = True

gen200_p0.9_55
Time = 1.1497716903686523
Count colors: 39
[106, 88, 168, 120, 102, 132, 104, 57, 49, 158, 44, 151, 105, 91, 12, 177, 136, 0, 180, 99, 76, 51, 42, 38, 26, 17, 13, 163, 150, 121, 196, 66, 30, 18, 115, 68, 65, 56, 39]
Is correct clique = True

hamming8-4
Time = 0.4862518310546875
Count colors: 16
[255, 240, 204, 195, 170, 165, 153, 150, 105, 102, 90, 85, 60, 51, 15, 0]
Is correct clique = True

johnson8-2-4
Time = 0.0008544921875
Count colors: 4
[27, 14, 5, 0]
Is correct clique = True

johnson16-2-4
Time = 0.07202005386352539
Count colors: 8
[119, 90, 65, 44, 27, 14, 5, 0]
Is correct clique = True

keller4
Time = 0.17872095108032227
Count colors: 9
[130, 134, 86, 29, 14, 2, 143, 104, 158]
Is correct clique = True

MANN_a27
Time = 26.111751794815063
Count colors: 125
[377, 374, 371, 368, 365, 362, 359, 356, 353, 350, 347, 344, 341, 338, 335, 332, 329, 326, 323, 320, 317, 314, 311, 308, 305, 302, 299, 296, 293, 290, 287, 284, 281, 278, 275, 272, 269, 266, 263, 260, 257, 254, 251, 248, 245, 242, 239, 236, 233, 230, 227, 224, 221, 218, 215, 212, 209, 206, 203, 200, 197, 194, 191, 188, 185, 182, 179, 176, 173, 170, 167, 164, 161, 158, 155, 152, 149, 146, 143, 140, 137, 134, 131, 128, 125, 122, 119, 116, 113, 110, 107, 104, 101, 98, 95, 92, 89, 86, 83, 80, 77, 74, 71, 68, 65, 62, 59, 56, 53, 50, 47, 44, 41, 38, 35, 32, 29, 13, 12, 10, 9, 4, 3, 1, 0]
Is correct clique = True

MANN_a9
Time = 0.010289907455444336
Count colors: 16
[44, 41, 38, 35, 32, 29, 26, 23, 20, 17, 14, 11, 4, 3, 1, 0]
Is correct clique = True

p_hat1000-1
Time = 8.636527299880981
Count colors: 10
[823, 622, 652, 193, 607, 376, 718, 737, 549, 986]
Is correct clique = True

p_hat1000-2
Time = 45.85038232803345
Count colors: 43
[162, 377, 460, 463, 762, 797, 488, 992, 818, 800, 776, 64, 861, 561, 84, 415, 899, 652, 622, 491, 607, 635, 282, 638, 537, 799, 91, 496, 781, 670, 321, 191, 329, 966, 7, 987, 536, 226, 639, 548, 961, 760, 564]
Is correct clique = True

p_hat1500-1
Time = 31.16181206703186
Count colors: 11
[71, 357, 67, 311, 433, 371, 711, 1398, 554, 1045, 29]
Is correct clique = True

p_hat300-3
Time = 2.2666819095611572
Count colors: 32
[103, 75, 254, 37, 258, 238, 152, 55, 48, 267, 189, 3, 296, 204, 39, 273, 246, 148, 286, 74, 158, 230, 118, 132, 239, 173, 164, 245, 78, 198, 184, 259]
Is correct clique = True

p_hat500-3
Time = 12.570600748062134
Count colors: 45
[379, 265, 479, 403, 147, 123, 341, 70, 398, 411, 301, 220, 68, 499, 488, 205, 456, 444, 307, 202, 149, 495, 442, 230, 454, 247, 62, 38, 36, 348, 299, 268, 335, 281, 431, 22, 388, 98, 347, 434, 367, 169, 159, 236, 136]
Is correct clique = True

san1000
Time = 24.256591320037842
Count colors: 9
[787, 536, 88, 3, 526, 436, 580, 723, 199]
Is correct clique = True

sanr200_0.9
Time = 1.1132850646972656
Count colors: 38
[67, 109, 142, 56, 149, 92, 139, 106, 83, 71, 62, 29, 163, 152, 148, 91, 11, 115, 80, 69, 66, 39, 1, 188, 174, 128, 101, 5, 180, 166, 196, 170, 97, 94, 32, 6, 157, 93]
Is correct clique = True

sanr400_0.7
Time = 2.852510929107666
Count colors: 19
[352, 172, 222, 320, 277, 213, 214, 47, 71, 193, 66, 34, 339, 311, 205, 134, 100, 344, 136]
Is correct clique = True

