brock200_1
Time = 2.8542704582214355
Clique size: 19
[178, 109, 164, 177, 89, 76, 153, 105, 6, 160, 180, 56, 17, 83, 110, 159, 126, 188, 161]
Is correct clique = True

brock200_2
Time = 2.344893455505371
Clique size: 12
[69, 144, 47, 148, 119, 54, 157, 26, 104, 120, 134, 182]
Is correct clique = True

brock200_3
Time = 2.4964287281036377
Clique size: 15
[37, 157, 11, 96, 97, 117, 103, 177, 172, 83, 28, 57, 35, 143, 129]
Is correct clique = True

brock200_4
Time = 2.3436439037323
Clique size: 17
[191, 11, 64, 53, 92, 27, 37, 160, 18, 126, 185, 164, 116, 138, 78, 70, 28]
Is correct clique = True

brock400_1
Time = 10.371211528778076
Clique size: 23
[299, 248, 262, 84, 200, 282, 123, 381, 391, 120, 389, 91, 93, 189, 345, 288, 336, 175, 329, 38, 11, 291, 214]
Is correct clique = True

brock400_2
Time = 10.263939380645752
Clique size: 23
[247, 287, 78, 191, 307, 13, 243, 81, 348, 56, 110, 330, 98, 80, 148, 278, 184, 130, 90, 16, 216, 145, 9]
Is correct clique = True

brock400_3
Time = 10.7364501953125
Clique size: 22
[259, 113, 115, 232, 175, 126, 228, 350, 14, 336, 120, 92, 89, 347, 243, 93, 397, 163, 67, 44, 203, 189]
Is correct clique = True

brock400_4
Time = 9.165467739105225
Clique size: 24
[327, 212, 288, 382, 237, 248, 303, 375, 31, 344, 282, 93, 199, 49, 193, 166, 246, 163, 141, 231, 178, 356, 295, 259]
Is correct clique = True

C125.9
Time = 1.8508460521697998
Clique size: 33
[81, 97, 52, 45, 79, 110, 47, 53, 18, 7, 103, 84, 24, 71, 69, 66, 113, 21, 116, 76, 67, 73, 6, 70, 101, 78, 115, 10, 55, 48, 95, 124, 33]
Is correct clique = True

gen200_p0.9_44
Time = 4.37642502784729
Clique size: 36
[74, 181, 43, 107, 33, 194, 1, 122, 140, 37, 85, 64, 48, 192, 125, 66, 22, 189, 128, 169, 155, 137, 119, 178, 118, 28, 81, 19, 12, 179, 145, 96, 126, 39, 45, 83]
Is correct clique = True

gen200_p0.9_55
Time = 4.220875263214111
Clique size: 49
[29, 94, 85, 40, 106, 34, 197, 116, 163, 146, 5, 159, 87, 120, 99, 88, 142, 191, 165, 76, 72, 66, 20, 115, 24, 18, 174, 196, 61, 158, 145, 81, 78, 13, 26, 68, 90, 110, 176, 112, 25, 186, 80, 181, 32, 198, 128, 63, 92]
Is correct clique = True

hamming8-4
Time = 5.1323723793029785
Clique size: 16
[193, 70, 143, 234, 220, 8, 112, 247, 21, 185, 109, 146, 164, 62, 35, 91]
Is correct clique = True

johnson8-2-4
Time = 0.28952765464782715
Clique size: 4
[19, 11, 1, 24]
Is correct clique = True

johnson16-2-4
Time = 2.364788055419922
Clique size: 8
[112, 45, 61, 40, 68, 86, 11, 94]
Is correct clique = True

keller4
Time = 3.164571523666382
Clique size: 11
[101, 14, 44, 161, 137, 49, 10, 169, 68, 121, 71]
Is correct clique = True

MANN_a27
Time = 158.93698024749756
Clique size: 125
[9, 354, 255, 16, 20, 6, 174, 139, 22, 215, 82, 244, 150, 97, 309, 358, 69, 2, 376, 261, 344, 323, 94, 171, 65, 68, 167, 317, 210, 129, 295, 125, 107, 270, 73, 161, 286, 100, 232, 300, 144, 320, 36, 12, 87, 189, 237, 50, 347, 108, 178, 23, 205, 119, 308, 218, 370, 113, 363, 46, 259, 30, 154, 312, 181, 249, 76, 126, 84, 327, 201, 349, 134, 268, 58, 54, 275, 207, 164, 62, 247, 40, 229, 264, 367, 44, 281, 335, 241, 170, 143, 114, 374, 219, 186, 291, 254, 326, 330, 362, 102, 236, 353, 122, 304, 200, 183, 27, 223, 196, 78, 336, 35, 340, 226, 135, 158, 276, 298, 288, 147, 194, 92, 52, 282]
Is correct clique = True

MANN_a9
Time = 1.2831408977508545
Clique size: 16
[3, 13, 42, 18, 1, 8, 40, 24, 16, 23, 35, 6, 5, 36, 9, 31]
Is correct clique = True

p_hat1000-1
Time = 23.1582088470459
Clique size: 10
[77, 909, 598, 70, 643, 74, 771, 526, 856, 427]
Is correct clique = True

p_hat1000-2
Time = 23.571390867233276
Clique size: 42
[494, 928, 121, 599, 838, 28, 415, 638, 439, 548, 193, 670, 276, 811, 810, 536, 607, 818, 84, 861, 252, 463, 800, 491, 561, 623, 191, 966, 185, 377, 635, 867, 564, 652, 996, 687, 776, 388, 172, 253, 412, 137]
Is correct clique = True

p_hat1500-1
Time = 52.87139439582825
Clique size: 11
[1340, 1172, 1243, 690, 627, 1204, 172, 625, 185, 589, 384]
Is correct clique = True

p_hat300-3
Time = 4.416461944580078
Clique size: 32
[252, 291, 297, 212, 272, 189, 198, 204, 74, 155, 245, 267, 298, 259, 37, 152, 164, 148, 225, 246, 239, 78, 296, 4, 25, 118, 289, 282, 86, 18, 238, 55]
Is correct clique = True

p_hat500-3
Time = 13.65470814704895
Clique size: 45
[257, 22, 99, 147, 221, 326, 50, 132, 444, 269, 439, 335, 473, 265, 388, 409, 202, 205, 149, 424, 499, 161, 495, 428, 407, 431, 417, 479, 162, 398, 480, 189, 350, 403, 69, 301, 442, 464, 247, 9, 468, 58, 411, 230, 36, 158]
Is correct clique = True

san1000
Time = 74.2257513999939
Clique size: 10
[77, 500, 441, 734, 219, 496, 444, 872, 961, 232]
Is correct clique = True

sanr200_0.9
Time = 4.13850998878479
Clique size: 39
[13, 122, 38, 76, 157, 142, 188, 123, 106, 108, 169, 159, 109, 152, 139, 163, 128, 97, 62, 17, 115, 80, 68, 149, 144, 32, 2, 1, 118, 196, 78, 56, 93, 69, 197, 174, 166, 58, 25]
Is correct clique = True

sanr400_0.7
Time = 10.46754503250122
Clique size: 20
[62, 282, 59, 8, 327, 129, 240, 307, 55, 366, 395, 368, 4, 76, 25, 269, 207, 211, 98, 25]
Is correct clique = True

